827279999
574276958
374367274
507638397
644423874
865541203
742366337
19693696
142091930
853148284
437673175
151003601
309479735
649678384
83971960
480944260
20030889
664026922
257061151
877930369
418760186
475908360
471962198
223330144
856620000
701638068
607683643
573410790
756944192
889026031
356387871
78444895
286124108
549603673
799197268
958210636
855575310
306220748
222966157
730825131
587835209
696955327
840253803
183790289
415500117
759786304
453690395
70505519
753103851
462339833
455297930
478345386
124804191
923545964
348548218
798669145
16439636
780464038
763435693
933165695
977566776
580707798
571758187
275397817
922631859
291260695
336012000
981595917
436445362
494065698
724859736
50825932
987809276
812316725
499195278
607638371
664456626
649407205
664655414
427372846
736054408
109460271
221707959
437677495
474983658
789628746
247550462
866568563
107361515
901172388
421423200
67238299
951399924
221607982
993544024
324202671
580524267
390380705
302873411
292253276
63889999
677145392
508021391
26602725
183880801
235864954
125314537
883206036
128152319
461942483
66778742
522095329
286254130
283544081
78479398
297100904
463274324
304968362
271331963
730029738
495886072
67334788
860433380
86974891
105509769
587616915
623264825
484735441
293042709
842790936
349723370
411663171
928676176
44695285
128434219
713101573
910816657
31974997
826866831
533355272
643031214
934406434
765831824
120959155
323801490
366731709
138274333
227667687
529582765
485073879
828908422
61204054
253886661
951551849
17185263
244740868
335021617
610084057
153780125
684467545
547970233
196799931
93168023
73345849
288622868
270793402
706722211
950433075
501544600
731781156
335195425
273825368
228281196
125604446
643259720
649398897
345261883
143759970
443813146
42401423
61602440
172949436
321475950
115575730
504700773
972965735
295606561
611595081
18370872
361175992
628729398
28269748
411984093
522417277
931319170
285853880
391389292
412923790
228074118
361451108
532151243
710414008
174309848
946923777
108494399
694661228
834563717
859762062
782002000
973514811
554131759
163184395
12856733
435943682
538099923
949448730
54139975
293026457
747599224
872698254
758502193
735995221
21668480
565720161
573528925
376236131
574445958
848769804
907577883
928929152
639966901
303712301
880070963
871863790
348180419
76147580
202431248
320585686
171904147
696951844
516627275
746275349
147384221
56724722
265324471
401174620
812858335
627460415
808727871
933982677
921321409
735860560
235652359
384249472
591201810
626936625
138683848
265745582
209157031
876111119
775674104
486081046
803351682
356119506
21366110
149221032
776043700
236380454
226839102
826482149
904685552
704266104
760719130
846193073
576538427
323727795
267486403
789356510
879270538
185968403
238932081
430342044
287955207
829274760
880273347
488831300
700092027
515016322
546020568
627033586
953689932
918972305
581405742
693036910
981558522
858225896
208752955
966032954
782150890
276709269
994909758
727927957
432200210
830056419
259348299
172701390
25538185
762440964
726693565
9546337
413750888
662668487
160392448
178216430
541632883
200353374
257693277
385455301
784059913
298550548
751467890
367492811
157423207
190761702
786839481
855101367
676447642
426930928
141408107
659088404
715542368
191693097
749869928
335980180
12630769
25958418
151991750
356243359
38054999
947300381
800036296
328202325
874284066
748882882
498940164
544302119
669441025
443257360
963262442
174882394
911366437
817888691
400530385
262864327
253207039
39816358
659094381
43257882
948878107
852731697
978198652
38634097
821668072
17667089
800693284
892889105
678102924
139941229
653956054
209412477
978516844
399750349
28544073
4697876
499488386
836860575
300757074
64966276
272385659
849306697
373549184
722759475
624347574
758743727
18844961
342983296
744410067
661167893
803756624
306062068
732211469
190315803
565350188
876847514
727978829
644052793
881632954
955139594
515447976
518033616
704127888
490756133
558860869
877308676
570350504
630312860
274363274
703990202
821078570
309896601
605933244
640875044
109657126
639553409
370223198
269645946
378998101
579799328
985963108
984553786
584143304
37832184
318915476
972508795
974715470
466026786
271270168
752496158
889540054
326904351
677466883
259405138
262952240
388652855
102005316
294189296
998155880
970738810
408884590
479672075
795207023
587117561
523523450
266054757
659736444
803693016
827587800
931471118
524166771
921877459
454817242
750579565
155682155
359284584
62409032
118600502
592347139
845167563
993583055
147589437
636755672
847980152
450723685
623501852
813165978
770639642
384050366
64766788
709112076
360365909
487990393
320397856
43157865
449865349
204208556
597697123
315252013
248566059
956659899
411710457
176244972
246835069
110867345
86511945
647309228
531790338
896319549
721647069
864888032
510711832
862602388
546477343
124732449
879691017
6755572
741617961
304738934
893092275
993059794
892122399
550468096
464290944
325529694
486346528
236152054
740012619
627227567
841062992
363560285
883957449
790152914
758374464
738726678
513845905
250593878
10891289
71442551
797883648
787661872
789541752
830719314
787141194
548780987
273952989
504467112
714272433
677859727
694636654
761057880
629533898
119345616
994558493
137927372
577103097
990095730
17067677
564778558
991482157
906535986
168712517
175616656
779706584
248290669
46762903
182219845
721597465
256630064
764054114
490701140
626009007
193203510
588792241
692311833
205345676
693065736
11258442
335818417
790387719
586583060
144716514
208371365
202464106
285945482
544978735
665788166
897222328
492885912
974597480
842352613
454971692
368808539
817024502
380140349
782780750
58776486
953575006
235580763
437975967
4761647
149068130
297553699
298333407
957237416
58494485
499578842
694321362
549855745
716728110
768300412
438253399
80888032
294538098
429444705
162787325
161102301
65042761
739742578
798798783
938161002
55093276
360515118
524039107
57101060
758010818
200185881
26065344
559223191
959675572
662523382
706145617
803158308
393215406
85222111
947013569
284298586
894873162
11439774
701752686
330675509
733928553
668359646
992043927
984286460
998651314
227971009
697208451
270536872
209161258
880741281
29180715
968589432
506594153
610448061
876514837
58969844
463594083
80973642
507883393
466395426
16539199
7057581
609092897
999385099
424298105
968392588
7592349
694399683
793329187
728172456
140551076
354363477
211165755
734370421
242764934
569197842
447574531
852912555
108187256
911800148
654329209
758230807
779198650
768669604
34287846
621936164
768272158
502109781
95958392
729522183
199707202
504284738
184169556
958637045
36718354
631053304
335716341
514106053
261723034
110794456
665003383
852503489
791061954
768373322
284580955
650286418
3116772
315611394
730851704
856180956
980802302
937260015
135452766
455481468
722668685
515376972
46116872
426281244
405575718
196658802
368007144
757681405
246653421
657977104
570654770
875234116
212588919
287540149
506973260
769976065
551449314
557934823
596831688
102993759
258823686
542892016
169737218
56122354
921894506
76358179
133524627
607411505
848912464
211832687
591466111
304338812
336528424
490228679
424151516
541140031
963341518
466041493
308697777
472745715
698951007
207806384
120570204
997801850
499232663
946954082
229439953
649243196
479343444
840973791
153313253
170932663
668719816
752272995
623548505
744145556
284415778
163841867
685482882
219585484
620899903
799883318
757327925
29281928
109015604
243803855
466176498
696798743
886741263
474162248
1514881
126016478
526605606
813154710
398106543
491721198
433146100
97855120
667239119
977148704
426705621
287810389
249816848
897043104
388944143
290917092
368253382
650154230
167663734
504460893
214761950
377788724
491580490
431065296
59567078
145668968
239080607
350358924
370054131
976232897
905704263
414377534
244007919
414883521
23488441
176371288
688268626
150786919
808362875
436394663
643764205
374785754
401977260
508251915
195904908
618604218
698483648
14693474
60709733
723985861
591500727
892729886
978306652
234314550
57904184
820191714
532253903
813325665
386775313
175558502
259346301
128832026
779284650
142315933
577288291
141569258
84118641
409119998
23696646
242857308
41381548
413695566
696775578
280126832
383805798
149688638
779416872
744058725
146795325
759758521
234673829
442932690
106342482
706620907
952664987
816458010
126103268
68747994
747727833
394691756
476357684
703267903
803100782
630318989
849240428
259853155
688371867
188777701
721916154
982342597
22803269
960986223
127949300
675079941
847348061
969617025
192608993
213014866
560678102
515634515
237211014
873027067
597277795
68215185
464279715
470028605
999806078
500401567
4354068
657296670
171356622
64006770
250099716
943836149
938813601
102745128
648051351
332136619
137321441
979581886
122823823
142897183
513273252
256159644
482424717
973530553
940819967
947659920
107710224
823066595
765765497
401883369
581698446
695265985
620983892
360550679
164216537
216145599
529001711
857138335
439693469
187794811
214064958
456957171
983487803
413673395
207455969
506941170
814137444
129161740
910329522
496632663
918284045
448260111
817461362
251716752
741348455
160097425
741006547
922168441
508443357
918520818
779735506
227090515
410540998
235446798
894179718
318844819
678559707
771237604
755132220
709394636
270993795
76004676
769986358
123538601
893977726
117433126
300489938
836344376
159336724
75873519
557600923
915710168
956075963
918781748
164353890
647622512
381093661
825841019
318040582
440545565
725652666
747758724
418411873
219290404
851230650
872157058
43064886
968874588
218561296
599433154
314189579
331708333
730114760
390187182
794445989
209795688
165060038
350345114
816185775
678016250
284185731
375359073
82997818
492258434
503885260
813499918
193861867
292670932
750086427
853215045
702673968
365549500
190886195
146064904
582093937
163706805
649234931
735116946
216222557
311200628
907873180
94535276
110089178
320565853
237692310
858882540
197791911
419838309
344699102
49065662
226875480
206127134
484208752
8740072
768138465
689861690
622101099
147663527
364476135
542211822
127887615
546770824
615512703
37890364
266141452
180056675
836458779
92937412
197325885
274465969
330205683
407468535
381501282
56815604
139408644
432453133
197054422
438213657
897806740
704482963
664568070
439271482
484267234
320794928
179738736
946480712
592847308
530476555
398969755
944427950
567703307
455417317
283234994
124950609
353561301
841221833
601777696
586760280
226426820
80299449
97699719
461523817
20833447
317255203
886896013
164927707
976572034
935418576
680079938
215756138
557947905
987925185
327537414
633407471
330591323
54285204
475618271
211907681
249463602
826265938
712201220
683123706
878061181
50472983
736450911
174164226
160495063
130615635
244720865
621741267
602385302
638349368
277971905
898134695
296036236
165744141
48486668
87530915
971843729
550741650
96984138
744573789
87839706
536146289
50384358
996699697
901564865
248260408
485618460
157565155
762887446
282033578
266898371
783609595
448356848
581552142
466386127
657801307
612038630
945524488
804689081
708427686
895587902
829185964
923375012
991397467
110853491
588115391
368750147
400045246
116854516
158021616
336647532
563299314
663828338
553786390
168076103
553362984
855177063
933020060
960412954
264839998
317558081
341868216
892156442
303388848
475066851
515501590
489607210
602509078
376608945
910234660
933101682
356698208
528358937
729772233
891406325
105796057
614730895
418195760
728150331
310471578
22384221
342235964
425872654
754757754
269371088
757700769
804814700
52204734
481581925
358293808
17630231
356774875
476900859
288424967
946372340
779310887
765544226
827331203
724950003
210015089
743735115
259710309
677938086
935362444
181646087
745701362
434532669
269027161
807770311
595792882
54844286
108429138
830066908
220551691
99194449
479857346
272202632
814920672
46576162
261235013
783967942
972472328
571985036
168134946
552095056
983758775
62786908
994365299
194514278
545220891
485341410
735506809
348935947
515635856
903129492
409274194
170249878
202344201
814263858
7491552
65523869
322907680
825158697
438151810
156418828
62916644
226610511
440047038
363897411
372770187
559941668
703194008
266564157
452723153
301755024
687394234
849800663
986170595
572208630
353107155
972442171
598452700
468647644
704045834
395320736
254516748
524801728
36035692
844449331
752046577
988543325
273579873
741984060
384321526
52214228
134161587
649972950
285454089
117954944
308472972
158111188
254275288
930505242
333066131
314904580
869037558
170152257
828715806
252863265
761122173
190845363
52688325
884744874
15977420
715089136
383253766
890179343
281546437
900061600
167472272
228260861
790820990
645101516
396736753
947947949
758396493
770964523
508272028
482055656
832856084
845822660
57174095
873390466
470652519
911606700
352488318
128403100
154457959
325062914
516082891
170208762
630854657
294313301
272849683
566592028
537648942
929001157
747308374
314166074
797142217
756677421
692278554
384097499
762375679
448019922
695290885
814230128
468706536
898892835
495000992
370589139
197560167
882476418
308642674
964045504
13951880
275142067
870327112
17752873
227535295
133902569
343584959
471362909
363242093
320235312
968187100
672933618
542938360
962316882
906749181
751310622
990502140
854000978
197127004
933656169
934129594
352864897
471874753
16969240
363539352
242850842
625567956
525454665
773929310
897541153
562798170
730647040
955101253
588060165
972431354
764396274
809591596
179642401
979685097
885236167
102115457
680193600
522098354
245669065
832093983
107051445
741903223
412049095
963172272
399540124
92053847
497710981
917297633
26655132
771611910
877580639
699883738
723489738
792128130
164817574
210499793
143067850
827530001
96995424
437438816
496927062
437601964
797331886
818093394
369871574
957598607
101104392
205503870
800017511
394836228
329421546
674728613
477514177
619900241
76879482
908110189
640365898
291424630
636330840
390376026
292150008
518365984
651910918
909374398
942384595
480667966
543706142
104839786
726346601
630304042
450444549
422034545
799804118
389121596
690479400
93624724
675427929
917964205
610271998
829251856
866653707
230244596
325889687
119600336
782349683
865608049
728072863
959318779
277996251
223555064
237839196
565803074
177417645
132634921
288965204
899707526
356832036
872956745
906849786
891412787
307832770
444467503
785558399
996505224
206066132
631086004
534809177
946506006
909102992
547345721
524417673
414602138
963221199
859357194
610063288
72024002
451511711
930220694
843537594
470962227
946414964
41809694
539301940
381415016
617020945
408885453
300507768
597695554
956132669
564567902
510574058
859015382
301768691
182017821
823905786
696464545
281609254
311528646
195125761
284204066
193535916
610411739
500648440
980688207
23863624
46754547
401731497
810013912
864579511
633837367
726749867
617325274
710522837
546613500
493408020
988821040
561887086
244293049
937662628
892252204
778322275
603281356
749412023
436476724
478847633
78290663
244445444
369894078
312886286
238497258
460051950
982069878
788571507
933369266
214953758
132409418
727304336
650323261
365429475
984353033
628409681
118057936
89685568
544609024
785353275
377022913
40933590
655051154
923091393
60517185
806718884
354434050
289604579
352919788
857202437
466437823
894176397
894526723
969916137
895855550
595011354
849428705
686246690
927111963
762841233
992525910
516321741
25280588
886436048
947103850
202741728
873664317
57601713
263405797
411763421
951048062
570649061
74100518
349300216
779918826
232788775
6137295
385073796
474745896
798283899
3690977
295227395
88107375
142923467
660668194
25713665
159955635
39720628
824459176
993905826
630514895
891157183
303211068
396117035
234091220
154742889
61153228
709854141
876243684
387107879
189453259
451490388
839824740
307517064
486760793
540134860
177282036
926762616
973495996
65684437
611381709
648442101
846968429
923723046
537257820
116524216
522205204
524546782
465809674
982668703
157988802
439165444
734975403
186975328
348097390
484228651
485695274
374205456
11534697
913065687
344164973
358451094
675967648
400154580
406120057
463437002
284372426
118966484
315376456
901134851
342377554
526566686
54894774
745778136
106095466
689652176
266893429
719454241
468795855
638564921
750004290
11522977
54536203
56960085
106503980
236011561
602364447
620003986
561518126
367144019
726873857
468251692
398950961
153095078
5202444
345281042
733121750
761183951
344580382
932066023
909168753
631577851
977109458
926977843
406230820
108403805
317529800
689221825
878272317
522288279
913948049
837497144
122598071
451744035
830855492
461469633
220943997
474686306
640907414
254767415
988341364
915884724
852632764
30608359
672114798
93245746
318159453
698305616
735593372
719531184
482325345
20660244
480027309
96054057
475261360
936142544
501824120
353851815
613764169
295868304
529345963
207508192
9766719
406843190
646375552
904618039
848190483
511281135
668029122
703976423
893498500
411428057
452340992
317820374
316483140
913606399
545545002
490197832
789231635
86610859
627482924
649955886
769957550
932842481
875275622
171672002
684813723
39054591
760188609
456343714
695388109
490932275
537038902
854991932
909075986
202913809
777576946
141693390
851947855
222737288
993643570
62846443
227193291
320023200
266669193
507547106
563658741
960218689
206027191
355864159
942698691
110347601
532167642
604093050
738904310
100171261
440346533
935731536
772662107
860539806
123913976
366416836
811849546
12652873
481184235
453242776
390486229
267353996
952892459
541318229
483621742
874370377
318159162
900579896
123958608
939729662
549763816
346831554
123398336
533965917
949121367
839465913
327605919
588125669
86056119
97494683
398376234
284730372
651547515
890982552
140472123
886432048
520017735
55833163
884333487
475556184
929490223
736316350
18194426
866569736
360014283
508120030
414699695
897854277
87079540
713862775
351356666
302362455
319921215
515415280
969899592
107761953
83864820
748983423
972716148
689683526
966626500
932967776
10095333
571269566
882246600
215868340
176216045
262013886
483732017
591309128
677269091
662252688
585828452
991661691
635133879
807917880
9254678
408041426
699838566
140891140
415422684
9223352
576445843
581088925
126185507
476801337
381953968
229167013
278353681
596349958
672900068
587204236
714560515
802079036
639907908
841500636
675591110
899921137
927937152
943287607
289254181
706514745
351562274
463962902
558331983
77971901
768092960
886417824
802243912
106931133
849819106
319883332
770158633
408448519
506670515
109743930
126732343
727990157
387950067
876708806
64167415
737303271
67494522
971781269
291044400
180376159
570559623
267249363
18266453
750057614
332958237
490101030
717718032
817195980
969664613
788262928
251974572
468228256
201618688
415354928
563646345
574462420
166211902
493353874
302534931
921941429
339631239
948717441
543696517
967784381
244410702
642826601
993292993
752782653
11360769
801761281
739080869
677594502
678259624
856661737
777358527
15944652
142163762
335522320
169629366
822613772
660731016
631203850
90628956
665882464
394043923
957180113
97051563
226805470
478952282
546791674
224197430
487051209
648175946
352590679
634485978
726018322
233182167
506173780
297381407
638455685
904625399
743961968
561068771
931934671
357953440
394012659
646489240
439530881
29455161
604205868
275976583
499609246
228539367
523284465
354561777
426087006
964007868
808960005
627530299
295891058
790188793
704143876
289621074
892488656
119183684
837446674
267690165
47614738
501245793
32956829
367553556
635493457
971323412
856670208
20160790
467705901
493512742
553919712
687775923
500457858
523027082
854278282
645854918
352075134
210801499
804940420
291927050
317595786
366965234
43079287
774936107
351680801
825769501
600167198
350246093
27616553
282904421
203102005
199057307
39082219
586679533
147170011
338918704
580130231
147205634
622011560
89087087
503309884
230643218
999223262
781365967
367285851
962159209
842757081
427812012
460326238
652816998
634053636
131072064
436628763
62559365
681051737
526039295
999853537
756475041
840824138
391473036
491060004
482859245
531235366
25756579
129107490
113043703
727955919
794693864
951975364
471868836
747478926
675258251
556685169
263852699
413873720
672456033
146039904
186523556
775250748
316412643
675267273
953093235
287577450
491559158
138998610
412858085
350945328
911674677
793297830
601837556
393688776
809195195
819114936
751431379
734152329
671056090
162012647
582779108
972243768
639667844
171859054
945475184
179193979
693658171
618136554
847685596
78115364
833325770
324850950
407618065
612556462
781495870
124441364
482986311
829448522
937849959
517191064
612424520
634057321
731486533
196105683
193373232
907632639
735076594
933412937
18416081
901766674
775131780
966232837
813510584
439666703
621444261
462355028
141324134
531460074
785171718
502829188
632736981
395047234
486348917
283966719
73944177
347535621
576719283
990874028
651062767
168432182
777983465
715277664
157719246
752289143
941925039
43225895
450309319
174315743
942271030
461888077
740779484
734809295
491732433
980229953
744927560
130563800
670625572
713474069
81471294
932267024
667918894
689835814
397316784
151118978
696483607
296030779
969479443
617952865
472928468
291599944
978975159
789180329
278818923
828486484
945245429
16504021
926362403
426901545
765980157
169362905
911311031
768918527
48334506
749611813
426879319
400850330
784379155
403540012
263682520
977282473
676945864
296411612
85960224
55515850
278416956
15749709
290109190
899878098
507908752
943350674
500872490
456433061
82289500
463765306
869581940
311816645
149274427
701794
421319112
906282597
143095087
637418197
285949664
447425465
720112148
864148530
681408066
878445040
3541391
380970156
10419469
548297897
789568181
412945761
961098718
359660837
664916202
398437475
31489489
941551564
947055978
196673081
635302654
819317376
753107880
320490148
356996839
611441402
156881509
674081439
950426015
105539174
14609981
775590599
382375049
293344770
793811330
370737096
169716933
640544267
995750205
242019778
157813955
349755962
981136870
725782176
231314948
36532810
687149558
140606337
985201612
69475366
623321204
300650813
585984749
139523002
974105185
576994941
657028400
163818141
982098724
139950760
51022535
605739635
689841026
194338993
85897950
45236769
358936605
808456232
258057096
384502476
272813662
949213165
551196706
319515239
379024658
181106543
644999021
846720312
551192981
720175108
820947738
876510596
725482827
49060849
917527670
729030216
27951476
292968206
27779379
834766015
160611936
25447679
275248016
269752876
285026311
302835047
601816581
42236621
763302574
282921010
486997117
642180659
674650229
533644675
919390176
455785112
393571504
211298633
805804154
660512107
574436899
77026892
651306636
74424604
547989831
77444646
695476611
945768989
211885770
111807978
552578929
278015030
746128127
82162695
290015876
144323590
338831111
951641047
653959941
426151550
60709708
57110168
390248833
115231155
211930843
380362679
69339288
692355680
575199092
556501623
321239211
774790270
120012010
854259236
531206716
956761768
688809063
88391007
88213715
74936911
885910259
664659735
389133831
348796362
474775198
771101100
99049585
442695604
51212090
673932030
661158253
897787997
513780475
435508323
558191698
656753511
122259859
757363306
387410766
828296181
79343816
361664667
202637172
836626331
807268799
158295607
853247511
164041924
130688623
708926667
284398453
386857293
451168353
881467021
781672944
339713883
492747912
387240037
837247450
737048996
986461497
24805879
260430469
518335409
295988060
209423377
818084641
338006210
566434119
834445269
945035624
985420868
981786379
523632154
166283662
755546209
314958224
502433128
436634701
192976430
218390317
924616416
425812494
699503052
366145036
541380976
192755930
311910321
875006198
341266331
601160785
293245157
715114683
467451197
368694819
870052412
707143267
716793090
389511662
767809922
39317464
832141467
350417306
561786458
537862468
726894715
737983610
809339336
642434025
367796108
270378510
71483732
340974413
2094021
292895725
969795876
849071349
348933130
718457517
956677865
251238536
927692445
194748719
132210769
620489906
274981052
444187142
682964525
147982300
948462277
642373925
611641225
433473340
963900706
311966401
642259539
327153477
13827480
100220990
1068733
256827250
309491075
4651358
409444267
28410478
674866948
471322651
160376839
441204033
255519025
801474272
747367145
107633200
76153214
538220220
950773607
389718292
214827506
939439713
879072088
213217106
563565272
358950508
440585552
726298433
537668947
379719100
276829763
969449578
815259707
888516947
790699114
196085565
992814748
924299972
913074032
913850683
57575885
871434654
773115091
19088322
499787931
730560983
580357084
928044806
781768930
621522618
601484067
199938425
932682018
49233584
556121749
472102030
434638487
361515249
790727895
23388065
528401052
223133942
131533103
850845223
815168931
138396155
525864831
496117949
636704511
87624712
11150102
950703109
691239172
702030544
305162006
373335451
650225007
247144214
294702047
599266653
291953373
953040143
879042631
86732973
713102128
792735552
645101521
655172385
450494921
653456592
470785306
675468037
744240050
591789077
10336085
721816454
448941758
290613002
373890212
242802371
315643779
180100177
43111613
2397326
492982370
607938358
885506081
465889328
576046457
738090401
530770055
594752744
751719184
538661043
717251902
655087191
110176718
661841030
45264526
630691135
803540085
372818198
324535289
79721063
195511963
625802911
111318940
556471896
376973640
461534293
550971540
5655017
982393603
881594890
280777883
825649835
700085272
767483736
57826754
282806168
317773992
848340343
402925831
233562912
314167762
823966497
651443780
875117212
953527472
512835500
872428875
160469778
402326215
942688030
515299306
369533215
929471233
685807782
539220831
514200753
18286154
941617386
571532827
837544725
915330709
864792547
266687713
394851402
41311494
478807779
952002004
502601208
988531307
208837187
264757524
88311930
132468491
154577253
596889614
382933043
943733481
533553977
355406708
720271196
147753126
669973966
801496832
865758229
704267238
246874381
184842899
788291178
225271997
182648466
669526973
676940328
729692334
679066079
425987593
479465519
783332991
776271497
434935311
199866866
3684970
902568878
312727790
128071322
232106801
614618911
69400116
553956269
578366147
494908932
420627828
982454486
504676742
600111120
607817458
443199197
756471438
232745810
681324545
901797507
220223595
673972423
488660449
13673010
737383248
91618971
236603188
946851143
159626923
126283881
614840972
706219394
713200559
143698585
763366916
817667876
350730816
259050526
252580739
798881070
448523354
735477374
195315491
490703739
403936640
574366769
213509732
872055045
949473168
385955685
801205289
79974766
366026650
503602686
778599609
561314923
668996222
523894151
138321204
892678937
122136128
443355319
547458350
412640779
413561783
510116183
479061122
446732892
409965004
736597691
47755027
7076976
505294236
538675654
822984230
119520044
389997023
142877083
580520860
679111339
975871075
532756079
216114639
866896657
886935896
70681248
528979588
21160230
345187473
489296487
80020670
551316262
342047044
790123790
826235930
501980919
117347906
907222257
577261246
279502723
637942894
117845200
504571178
65203137
777395295
52062152
114680883
664220466
315692848
161990415
926745195
785753509
665666337
138013311
129883005
702898332
520742490
468909220
934650559
854770943
310667384
41847556
937476163
155795422
531964866
760639518
90687924
920704892
542897407
251877027
812689368
808078130
346791073
559831861
540662735
284790200
481206986
837554915
283422051
587480597
547640168
56072393
765418209
244466555
222059071
987708391
837015624
5071638
346311409
801978561
913062277
217314080
565006001
8284380
394099424
88098630
428485782
919714359
109311145
784829394
884265638
425253497
429774755
945362426
893228890
556176179
390697006
809196210
578075287
866911861
332722681
994493265
473245979
589010122
457920277
558515304
388540726
171313035
34316040
966351245
960435663
591326540
371826469
960570888
382859636
331604203
722279272
105021053
683994791
657606794
406599281
697647091
923173227
204543576
264591589
963986980
658661850
908635781
752428234
277447005
895420011
602829518
234824436
632316780
630641604
838778819
557360991
178326849
723627089
285523253
449231979
631896535
378653804
528449030
363159511
748636354
186318384
511851013
807376642
791422097
17584761
87523292
791075547
523721920
358810979
1330218
42716378
643833603
759434223
829403259
941480475
952640108
560454476
117260511
391178366
691373415
352275143
98543321
129143986
436697093
905034031
667194849
701006540
277735117
504125829
116321676
608545309
86659767
21097317
129921464
646004198
936115939
497410043
759555658
800312308
929934942
104600461
565901759
902918251
698840468
825644061
492446671
764118505
295716935
7234141
52001556
605088599
980847057
131099346
220582079
538964696
360934708
628939525
119982586
946071726
144613611
848807113
15406728
110234947
292284225
538164140
707060041
322566579
286769770
966533579
685798302
475700994
88220388
405368795
862018898
756270757
155534774
223652840
391005476
694945063
180409769
594264923
635042872
686522661
648111871
447220400
127888575
994431325
21298133
147026685
294266696
933652399
98751776
16543079
584858520
70732287
960330437
770105707
354614012
400325873
414711248
136710120
77278746
754438061
573779365
174311529
173690189
888450367
151718600
182878535
447878768
697285985
195496060
31315072
584510276
542849376
892420238
534152642
145786568
402048898
849624361
586697196
239035795
919204096
366798407
818457615
828065802
514633958
475063489
146421920
94113263
87705242
780884303
192456177
513590176
639896380
949023300
194032437
994535554
721910887
894756478
182359069
546710459
372202235
463986431
74893861
207424490
518759870
760557898
484304459
476922549
298637963
91125225
397509929
88632434
199836928
834647301
314520503
553636447
826449019
976604561
344261421
308794768
913912441
204074671
661461665
33002811
785682794
33252367
270849326
940564454
513252121
271437741
586708483
480502951
117482210
551781830
844188915
449692531
965806914
501659410
497797735
801541114
373847897
675491466
509470852
162476107
32766000
832154748
309348378
91976124
663782294
299668018
387216611
986010812
585730457
683669877
447134327
44092680
549048154
156131671
870991171
399396403
95815777
426250578
325411800
225262637
618792297
463219439
309618645
137723140
787418095
980661628
644949393
33248109
274757827
603822502
552452406
829749305
770263716
923309123
906530266
721051966
471587645
578488215
274769901
44548444
773939030
241582803
756365853
937587449
851924884
806116659
228397081
665100169
508219866
506784976
467954654
601543437
947873547
598220890
376437415
477651004
635487701
586748974
74115579
65133188
885477967
79852683
429893958
710299811
788261825
442520950
485181768
54328281
728180271
151998437
320564112
175404473
390734984
917332425
340109831
218259505
41129250
536968785
679225558
175600759
289699614
827712574
313539774
647766576
875778176
335984242
611772046
994199295
905547601
96886641
983265058
299811322
534101924
452234180
97134624
319798337
556262251
416381884
942947117
423563962
139006027
641723308
947190785
170955276
56778762
482920355
765235606
691813538
64607426
920821141
604365490
593942864
733798453
225063896
985831516
859744339
238084366
137482879
369648362
240316051
712403198
992997298
974702592
541208662
946772557
117566160
814875366
218236285
349169377
102955935
440806614
857287255
657319864
286372594
129056988
235599258
584824416
300610550
22908249
694298534
726673926
406394760
589205218
859075480
980089019
861216427
463681566
733838951
382289093
703598868
10154685
406093604
561821151
994315270
387498382
459242455
948484295
849725270
744091566
717447925
963623824
303865960
910607834
87957089
231515294
79082819
428972959
939338630
135261668
685649501
63907523
144028195
133025938
475158907
68610542
823296123
235505359
653930339
185481440
295937498
260586266
91246653
402514527
765475857
523229787
92552528
800564413
532457030
694581984
639982222
6901034
544059326
202850455
780129871
333833170
596250713
332890416
853920185
954870643
274091511
785103322
180364696
294803937
329487524
416207891
274101773
537824504
945571061
841969659
853583113
813021191
479030885
46505531
964213547
800117965
54862228
118972990
879995445
939008528
940871268
873798422
992844398
408629354
824063602
753532602
178224453
797780236
958919921
582432632
749261022
10129918
904543829
605825464
804288798
453158151
776582189
743665253
453634130
73762572
982464610
199875575
26681857
324917773
587160564
188852495
978980879
350380727
957090359
825345073
269413233
140793023
603454954
29967759
926218801
849369758
72805664
408740972
598893497
949576408
753001402
120244023
623466739
549985987
53792994
441343398
351373848
279929786
531291404
200020447
647616916
861685946
94905677
653447971
289348281
613208190
176411655
679617745
838867005
88070692
321513437
962377018
5424800
634780968
546892975
471033469
33957657
552255510
342454647
26061042
4598373
567946611
452742848
983581741
88964347
135377636
287568650
414490089
186369966
746158012
319845279
178027753
535679083
666996411
486945109
885852834
651592139
830800864
593144086
876370723
498721465
537142837
876281818
743262001
620303314
392124904
852183939
693403956
999418204
770103587
24081003
910491594
900279165
290758674
217455754
535878116
522793635
61697324
779948833
274317216
772334640
541870820
968949358
193796642
921319760
756541777
833732798
361237338
572788899
817093746
961383379
643467646
22885341
611965866
525877955
644200346
139146763
51296424
388755869
305459902
889518894
334821842
551431450
342384157
484469770
979954402
657208359
704274430
370519090
605237618
570057138
607213676
768974654
991025124
251315714
28497602
523188101
287983554
495859075
492644089
610078185
672041486
332795492
189473658
48882780
323222443
134566689
876334037
8593348
531126790
524278227
19730177
481267346
893759497
913509169
890174622
664830184
476760534
314661216
24550200
676952089
488400201
165574028
147991288
998486482
378986
853719503
59451119
826329709
663678312
652708351
680077595
678538043
825796423
191780685
293861013
692753030
514788855
62503519
417495728
68154611
399279016
403469774
714654148
957399592
90882878
44099402
290651282
667690461
837039898
633556680
329046450
459551430
987526752
946639418
887118179
397999972
491989388
10163721
967174526
339386019
688815537
823805551
125615250
803288631
477391955
391410434
564064749
658518209
396455761
231499590
378338810
374778272
84242734
928590055
320980715
864233276
752824065
584675221
367218985
8986915
254580122
717640138
315826181
764074685
315405796
328235705
856207272
371346696
411297901
903547942
484650728
607536671
937878458
268917608
291988781
383599036
803173751
58104488
359092526
805113568
53614693
690469473
476427675
796724619
323420684
802932633
23654345
594802
502740249
542961763
968992161
520540235
272814973
548269248
133996746
955113151
667454439
386101649
622101696
876151987
9755806
931751725
730247474
826443705
190941789
570850659
251974176
487239098
79880758
960501086
44945943
931964753
994381872
200865404
159566870
540358763
220779945
70184788
972741777
597603489
460189478
734639671
496132094
709220180
432003058
267909939
379572082
243334539
584619973
901696078
388499852
219168845
510551343
980577879
682090630
751540198
797330627
369237590
395999881
627561965
702351705
446676465
712132860
312289781
522038916
872769039
656961167
581838533
641777670
599545582
227261933
379358252
339304652
573847265
678512923
198741102
279110685
387760018
577651741
377364382
888980920
269089111
915384330
669316587
973270155
655151328
371729933
271536507
795756999
529868423
348102303
648792975
660791983
449665545
697920913
129554719
122096587
181378223
426825279
1604196
893338129
463704579
136029601
306560875
503014719
847173208
117924767
255176255
314920571
161079522
375800731
749566893
280898457
671128703
47622455
359112069
83867852
965666539
919508016
199462437
582467992
903373988
129863746
580162375
848923591
882898088
658157688
627159884
515603088
70939752
769182654
452927138
633794876
2823730
403310213
407704342
306614259
922135395
983141406
675794915
339952554
57238094
840933590
313694582
758993218
368077125
184320110
346400174
982838724
889975134
267694119
632751817
806752583
400284975
497629431
235373656
498556607
11443241
411176431
696800338
913645227
417394473
112610100
363015570
312998725
961629119
17347731
445570982
19997792
497121184
463746203
817552455
967312882
73191067
568933675
511224633
527335505
218207269
668467982
226227029
716719340
339271902
865020504
274068629
313792209
747117039
401425005
464795979
456824690
671151162
436409490
738040737
450894467
634826486
346766149
736671802
243877602
751348406
572633227
815974978
679571643
784629198
663686523
145963953
477358276
718762539
855090566
449261756
395865159
456860217
823951999
425985163
210562638
538099372
49767135
152421248
587432703
448521120
632468929
384901685
355871444
437980695
120364722
907667144
191370723
155182989
60174882
987688438
407496094
772416782
349185835
738489042
171366970
242260191
679516324
856411678
418464981
475711038
703138198
732851870
490151005
708240549
60199790
387904161
420458496
959377022
92750194
811870021
227423916
549982733
353257725
654920972
324796730
723135518
201926711
20395501
928946182
114622807
895136657
952658938
832011815
210294946
547648726
565339188
654155464
783588398
767604891
625724097
687428681
371980183
417805796
162223106
334060500
502424036
351334131
640002743
318457280
629136351
990453379
805946780
384103721
952305542
679247079
264182739
118333267
388561694
235403180
713076021
620542226
476072075
820504929
420217183
586222894
724298425
709785860
50469407
948486431
493341387
538278659
325356217
259863059
242823765
921376496
542240269
314805352
989212270
904599567
972826387
990603515
71595661
292288022
318308298
200026052
234804330
390765629
651724728
744935743
410033583
313425031
885380623
762598102
452048913
128711876
217457726
431495366
584436747
113892528
561798515
464728648
2600551
486747570
524362306
303678983
659918472
295708239
933225216
6767319
137664616
431517392
71191025
59135754
78096558
960732866
387457871
792658789
772669242
853658257
505490591
175410587
337263709
519869874
598727265
457577959
893837152
843903144
174683455
560256739
864641476
411796519
140813134
3085624
156879586
656248578
864456695
365485878
358564307
161083970
400599322
582752602
102060579
387227176
153702668
315936679
807541991
599645280
827752477
335433195
186179097
707561775
527453909
130336604
797487998
73004049
479846191
25583647
243197169
975184476
208761699
483846661
176958870
225306195
241481871
641743758
630252099
510435393
826313303
588043838
858532943
719899784
31934005
938411809
692413545
423519381
647014631
205783521
843838779
687199605
754991229
997113695
137413338
389086522
62180194
198050742
640492097
767362030
214099292
298438701
330290919
684058980
894514308
205036340
690423002
343798974
351073026
736602427
259876446
906501303
791322985
786725823
492310573
674352327
563222551
972697542
580241333
711825489
713732359
298044544
663990403
525730371
935873919
135628460
977435163
219472425
930395502
440293231
196184558
922320980
997853190
899013288
561312379
521946929
351938799
770117327
47459193
369711778
896973091
189516246
435289852
511863004
111768968
27477394
199166411
646252179
402558529
937224431
734988757
560666182
682097533
362734266
525195387
59533924
283931282
753131791
56813825
808419011
8003398
771290290
505709803
484089396
44710120
708499491
542590426
473741133
47296761
815855904
114129586
880156607
68331591
146727376
279259034
609347480
674844680
694209277
58896283
745134867
497806543
739489648
51357341
823976643
266529086
676493774
68875892
348520629
291316349
544152556
918563511
583223054
703368621
881960219
173875589
958482730
916405944
55460555
792197475
645364150
853382567
752417287
9376898
896677361
510551479
779148604
687362551
811170251
446575453
881170148
829432914
58475819
73755434
448274398
982566020
66333890
809259736
321650634
145636235
709726306
304720655
375175084
456802855
142262002
974540937
79353661
385710958
241785822
394928771
89324699
904938162
104090630
240283763
722527321
806666185
285211705
72930291
237787689
739478456
394613591
950137393
312064467
994239051
831087635
154980427
370116271
514686609
593520811
335392773
678243991
84075713
850330748
456294840
89340691
379580611
117735794
757392371
936889406
993725786
374702843
113966476
962664061
94728901
481189529
886322409
501098756
819286158
900917715
901065600
914330810
258412480
965994943
222186782
850348614
333978535
950179932
871406931
880024549
49369540
148153921
452439837
526607708
946673263
739648491
614498352
464596645
858608887
487456225
886407237
112280109
653828831
695096664
469890885
383809650
702344710
601176588
727784206
774877671
687287325
735748553
225560238
771878098
63799822
127059358
250928047
976939144
711649560
781408136
214821934
170109404
967734327
202464846
444833938
130364487
639469022
396503921
979552509
631479210
332667944
95228196
204179084
997460136
721670080
893919020
417195751
90093081
551841378
545983498
41347064
271632442
358934303
585442422
571776549
779978435
81472048
213275815
287715910
956083730
685192577
817911426
526196254
103220074
60594152
638711973
230092052
756389655
269521549
820304745
508702260
72976665
745206811
509450791
507873648
759396323
124629612
327774629
293538476
246395053
7304956
432565902
582212091
404695127
788227204
796217212
442788652
295306380
64356756
715541399
691146780
354923137
466654175
366516622
685785410
585257461
606298098
480956361
564222578
579537527
470498000
513865265
461036126
964273808
707889639
554923744
373018372
707779591
310536871
317986599
177627594
556340337
920807645
727473534
831477827
415660655
740132181
588040438
525159275
366520014
23650254
568728404
804783388
616086149
900230060
588827633
233700322
846526216
312257221
786622507
433513669
462856250
598878059
873671078
696398590
981650911
91482904
754229048
94695031
131968779
775270540
809599013
258022184
282091521
11719755
27159093
943205336
232047439
731599654
285278284
195091144
837540234
716990253
373680612
530107839
134492454
169859451
697632595
156511353
20263181
244799382
47125350
528565448
484722793
557840044
336160257
570227313
817143965
387485556
752511105
571223345
418021727
157017595
508848584
534317002
540889874
794997681
27502429
823457323
43900939
61359196
55337654
149776994
582206767
923447226
761952135
859750463
195904579
309913464
415374140
863648226
767398596
990502684
239634287
136777669
831966166
172440286
257045712
450494069
328126681
558490523
630256330
8498916
512008100
472820792
726931094
306206870
855466620
204641628
726443268
639131039
303460967
948051437
636061688
513743764
385893317
509854449
352519927
745736300
372828254
392601928
986798026
742350875
536370954
445493315
317725591
937882961
159964697
937517154
346218104
426603732
880649096
906754312
480000301
642743987
42146962
200644879
955979993
686290535
828482506
178732061
615173464
591921711
809543184
674400886
455079508
750251142
992747067
490514528
878104598
923313148
884073374
603570643
556136430
833143784
468536177
416226884
170532423
2751730
46125010
866563233
29775950
19071911
112003316
749591509
962021856
629904535
503901595
239034134
138609334
537376133
16792580
988781395
260187713
87977945
836851414
708209455
288892854
393760349
708003083
644093889
179162535
253241490
259157907
140559479
922170866
257678760
487594341
711014839
304947474
17048771
266062421
383717097
779335290
267551175
942387212
231507680
609365700
636259751
484058909
427256467
789376336
554833929
729169860
134029193
89599326
416339183
33022250
693048177
974446927
351126865
458354804
492728906
952610338
297051236
487580094
707216283
978435580
113418539
303902413
698989339
88199917
80355623
598570587
224967297
402341088
888517831
392688818
419865812
942742713
510459541
58023631
648050129
664643467
95451062
384983886
324243336
91798704
512886988
515946272
930437545
979009254
735263849
893176734
693674443
480858544
400712714
931432940
863215531
555268794
576796866
552100963
814051496
581020249
856779636
734758921
578600850
954407595
536093630
750829343
745704043
872542536
170059480
678947565
296810814
509770519
470411447
353718506
754378559
436583758
973545778
102141969
509304987
573100792
29212856
298145812
610153075
866875277
118302425
15460489
361605205
479021024
138226847
313853104
456660409
216878766
723563453
975401554
62104137
601126927
935229704
186713448
546423746
578276606
551887133
998911334
364339046
408716590
909890128
947798013
206673231
440542516
195751979
18532747
543191263
143668108
297432482
375499922
557850287
417797217
34860725
477148200
319075417
977229905
371406175
362680030
857562070
923620072
850944611
886078280
71831260
332921882
816801119
276271859
233509749
849561028
204181788
364539525
671089778
8869627
558204265
272369049
197233804
516619792
264336666
311285129
671931096
735598595
608229074
16942737
861081963
717914783
609645268
782052119
315594441
901975005
2411631
63879879
117063124
75137968
470339275
499447186
798428691
78714506
744396036
987674158
103061795
303790841
528190643
934214629
629239429
937988498
448828405
528349415
801954171
548747055
905665065
336081361
842646170
611444309
747089967
398724166
530529246
879708927
656748289
337167069
422529362
688935736
373202927
172397994
730707587
292073209
405088319
816359469
559737944
122962640
79451226
385751740
317670803
776582800
56356562
813790810
817672450
974250072
686883783
556545180
455122479
58716424
698144255
342634513
963128726
640805654
830289366
317639191
648937828
106658895
247606291
665509869
765712661
727796598
851402722
895393714
80900831
236754244
424331541
811164155
112139550
694242468
475531123
837121812
649126791
701708619
105379591
382619719
875008266
911311941
642128724
689658434
204646670
426410249
217529668
674676029
271675019
427328668
683223268
654578828
980245042
976756362
704705890
739780770
717081803
362216528
676106760
973745646
176532275
434782719
595079128
573933968
857652826
993034440
156555004
610995649
751295236
732629261
930988132
326565478
640778812
126854606
449514616
763169535
972509552
701350729
432758382
552642142
194733459
516245406
808986154
25433056
401926391
415666759
737354870
364252610
376417410
436238933
730211601
501345369
250950516
189540468
107383689
883389785
850392339
270938487
809047628
671502467
341894270
542173578
817577945
205837901
23606305
733483629
253082663
10627644
15915446
197738981
35358093
163229444
166450900
985195919
29956346
652650787
183960632
853198488
473311533
836558260
609330115
120031688
710046110
963616059
422940283
297550472
621167549
355260608
984534366
663294355
850056047
76004867
593429033
262426731
952908826
971711345
168433359
604215569
237983990
647201538
736360218
514168555
574126385
602469130
112434775
203651598
440169319
314216798
522371566
564146156
969130538
315602834
44716610
247827043
973605389
429201893
363597081
566523895
829459746
442503380
618573935
483647354
873131264
519833273
930565313
31753296
985103808
360974814
565759245
668090538
100066422
777753389
275718099
954912815
680382488
905289352
724027766
270881118
697718185
781607440
729088007
600009912
599788837
272116480
968105851
229235229
523727397
269598143
575075217
451218377
79066866
436855391
163483623
252763400
131329690
431748485
62646394
294164539
562482756
354786757
527083512
666083098
673511439
965217105
359086111
832638206
10888319
765327243
938319063
380289697
634006064
575613310
145110765
354736541
374546928
400412060
916266916
959705115
919463712
669187040
789990558
434967187
523101379
822426037
356116589
47958639
814621044
291398383
94755678
852949344
690433921
864135676
427650649
291829918
370687204
823774883
846807119
604638909
203311414
626733463
961201418
16704367
764216583
53470898
66427044
194605338
698546018
457384672
468115589
407409764
232332003
769654835
591704890
749445865
953916952
861240295
112338274
509558477
922046632
863436433
861767682
504454111
145976802
861837900
551407774
992227773
156411927
905193854
913707614
862287690
366362544
841793106
358180812
188942680
173643202
206215508
471926685
161490318
911601509
115850302
18991331
925578778
205561528
180528219
22648656
358631558
208341393
704015060
304937876
692718431
306962127
874271194
96045715
75400485
800753908
660707671
576495787
852895659
856322238
294899135
378398743
339134799
691628937
481809955
72360286
418225684
820232561
842391538
518046299
702761955
83369881
806798974
222343920
998168086
101894127
439143515
226124647
619883809
727246519
240129010
723702557
568181875
726541819
376912446
662787057
398827667
633482090
715316886
743912383
726006998
319327807
407055319
482071264
384377588
363472027
31030686
928714428
592309910
935424079
767590257
210928476
489578008
683258839
681560514
104034434
746804846
445584050
106933348
523414745
340250774
96202745
613619212
677400113
950222537
358548888
311081194
298523291
853891022
58125005
72930598
538108349
373012750
360554140
159564255
588257317
31703918
112069555
801619962
949380641
902089284
244303450
84774791
101829681
141948848
457657234
848168034
632208549
651173033
355941971
414432708
336606128
976094485
448639891
393338324
105455637
64196835
504180686
732765593
488730309
528993825
847302436
230777405
634856917
665991506
299337536
241474359
981472770
912370640
398906344
338077422
145274054
392684871
701731326
355747436
810338192
323331333
601074317
330651994
633962747
836420520
504081182
697074281
740888440
944479928
18252275
864085147
224224162
746877015
305547556
829340756
553337086
758265285
625203909
410825798
221322985
783661643
848998239
246272883
977538304
362471485
705743832
605824832
338763853
498068750
225558461
88167829
362735966
880357565
849839708
989644749
954538977
976403610
769998833
145197233
340823174
329146858
435106709
368744179
21605385
100361386
58569526
195169792
449606241
563520088
548497931
40805506
943795930
751992301
48915993
85620254
698234947
806125527
662386657
428605233
56313569
678243642
911980979
70894557
215163655
220992802
625774699
430337521
547077645
847021817
314637323
540198928
630590272
265376056
325404402
104664767
336704613
818948141
120691563
361228419
953560772
43361997
633508956
21814286
704425149
785451816
938737026
325428123
58281377
113136007
389790559
611743662
309927012
532965495
596436195
675241638
795252973
23562207
430319495
974668511
874355071
99719432
435650930
639878097
920635299
624611831
720528015
716930227
377357200
704320451
859031210
133186423
783942339
272099894
45332804
171779053
317063147
935125085
318286299
805874413
176049010
123373037
301122956
353741563
715728668
457572334
112842114
6757099
571587426
840761481
512213591
63827420
222730951
562341814
964200549
12226582
923046006
196899813
903132713
86126907
71747321
115676775
889461970
805354092
165406757
802295382
169771632
789838764
294657829
710728678
688083215
720560809
812258933
167492366
86824948
95603031
357873963
515666254
537843878
794937626
313483551
232129086
663671980
30359084
732296058
659371093
843208696
531626185
600100838
537853485
26210181
891189400
484096260
87771891
55493721
93874541
330139291
187863015
884238752
561712867
677006518
996348998
909979952
553216486
823601762
765583873
86265536
226878688
552679496
362672669
767586309
742674824
79073137
296834247
257503042
998328042
590181094
464203007
399504073
808460148
916073053
459634245
158281427
647836171
938905599
132879901
743167733
49721029
987893328
895227160
907229939
134011868
28214039
738158851
680716972
323965662
921112044
34160366
624135589
144266129
604832598
255460955
484893323
213894609
100432845
980853759
364239433
576128162
390501320
428575817
807638497
475645130
145322715
567738290
412617720
924089071
299182668
643098482
995864384
440159442
311982941
794317640
347723442
154590260
338915832
113254612
69646295
982959478
586581421
649901090
878433076
741506302
218128186
68274685
132895608
295484871
269121218
748606553
973530052
935049084
72273996
397305436
890570806
651158027
726322754
205926215
758036250
956634092
324711303
840578455
161633042
310643246
224202424
491122097
362840257
938811879
680976566
204471130
293303542
35922132
178464510
269331231
871388199
611417400
96778882
71844114
981395766
713698418
486642207
551732898
8812312
308087889
367036598
78369892
308447131
309638347
514614970
783267636
220410853
69176887
347733014
253560978
745219144
861829846
9150479
88622821
48554215
467776960
825429319
913115480
182914304
942976751
4668096
665897598
195599229
580812780
190009033
158297798
213567136
130097086
55700932
892999354
109321025
321352418
742005881
529991324
536723338
119144188
37203054
421381198
147624604
985619843
701095463
854961516
809092721
164454802
504063821
333158740
411577412
534736423
158043807
400755598
738310453
317746334
469073576
857604275
913275391
527079954
893222453
419021836
575979715
919054990
915393367
835797924
928691705
344783167
544800116
446012263
482401858
504441876
949268348
825081047
798889279
965163097
408197077
632979030
929563983
967228162
397711667
320563721
164146634
183370886
699640219
928227723
764803322
717592809
476922232
448389566
276496216
699891690
696749324
751155223
52089527
703851443
369879010
807618384
498223566
551425340
716324859
445674445
512565036
752378390
267172137
961231873
30156341
697460742
855105429
413540984
295123736
244676141
402608940
518535081
226323446
92838152
928786947
408975664
512704184
149034236
493889764
975288516
571970563
283198658
748268568
446503442
292384752
338337578
561028128
368512900
98291349
291781871
388630276
446464250
105965524
825333535
587700974
519947832
660391720
515257374
792315284
382139612
289680048
761506137
139840445
409348759
326149004
36370783
966046685
563530678
978045718
622100086
648747473
881709640
921393934
104827979
303588384
827446692
728001194
302687507
180372355
663916040
995186175
879384322
531388405
46967999
898486047
727756449
667649789
995683027
193557375
904356193
203254377
353441519
378180481
525956173
194817613
852882369
322674236
590741487
574754724
341416848
986626052
325336188
570954353
586082844
790044095
802063422
534510307
701320960
104036136
777163527
283930652
489907231
181683747
318445515
182526645
668311117
149285132
53525486
46013221
455896845
108147628
726215464
735663742
542912697
985469482
487497344
522317653
475041144
418373002
229951567
224023287
335790666
320117507
917186281
981001947
521151702
399631419
65001915
397874106
571697659
330037415
299968346
10369575
166754764
244598136
199554948
9831882
572433140
885061824
467782208
842614727
37301654
223454303
687197488
14147790
851142772
759657907
55217682
189546820
532272915
893953796
956557433
597190723
21455099
162793826
72690558
958209910
502291538
557825981
957185443
7359502
963827889
278862334
31323332
347784766
170239745
771957536
747415468
558628894
971777505
655298403
520167917
203946575
54379739
853555392
626298987
94168693
490484588
612060069
567756868
416218273
754507128
448115457
139053028
354130443
912813911
546258278
805399208
130737798
591968554
203867848
218562810
227167790
115424052
575629223
355382004
668492353
8491743
854439267
187871796
793229847
631293544
962215219
664897512
601919681
515763108
874392668
575694817
40191334
359486700
784823782
121839261
415829467
890470809
404404120
483276825
982118166
592894316
790194948
836235850
829719920
306900550
179253211
152404081
600931131
210367747
46528471
976448994
160581355
751082539
947509712
115364928
685843789
691190465
926472951
667955004
449549761
349557566
321343632
197150206
496269610
442956874
39942466
557464353
713047424
946897751
431610440
242531009
185122086
317648572
482864565
217282320
622607715
422618271
145808000
870941449
861894465
861352421
93446829
14044935
311867439
316525463
695969499
155203678
464349040
285589311
9352436
468427966
365037371
308340714
418839193
336391213
120463870
795730878
499084900
511962132
899270241
933233674
495965392
238128788
426614893
188271720
92317532
135087545
92670652
257287992
374824382
409679572
425750052
157668394
339167947
862112296
84839879
788851302
602310388
272080547
567707535
728592979
288688133
499778405
415436996
10831209
843528659
646643594
634201247
540432359
612998825
145048342
837611532
156052363
462430654
728721925
905842667
244992204
27399743
402624558
663038816
29634772
520484492
9809488
809252859
294452033
847269496
544834354
531047369
589471705
486240036
820589714
501219335
994527787
516569690
876228240
133572345
607160856
943641729
840278206
348263589
865123038
419573097
446032879
240026639
914397156
132203084
267726927
867199999
388746670
132319082
498037562
954557383
547962932
539227441
808005513
399939506
425207472
560876144
928766647
122080391
950514337
107352766
661007004
417600435
870913532
516652693
719059742
151163410
281219379
128340646
304994252
424746701
495212351
245972737
344815546
223800311
275778753
729347226
46148530
151052570
590584643
694024007
763790923
167006189
240302440
315446806
267023795
749551779
24515465
151602155
802811280
991633464
307413970
431527318
671316690
24172734
459618032
13024484
332591690
465857510
61075491
897127580
251597370
706750221
763491167
133705418
701615281
211328872
286550221
471596104
96950433
687573288
258950073
461933646
681772935
374247853
678699638
142112181
558952245
378865300
788225161
599484860
686006367
956688601
324854739
751887755
355214876
769591397
608130136
630851995
425280387
605892856
253326556
91014289
972402276
927186797
892053924
154546173
778146457
163803378
723337525
412526285
179585053
367147582
295222226
675212031
993392181
670652722
715014405
257845481
660241077
989797156
718284403
875051709
371787605
663870516
113983687
141864203
486599355
301657707
796554622
791745282
114896430
735293815
980195956
691847603
882629834
165064378
108820567
396925193
966886450
227153403
393446254
984327610
893038673
985496430
446267273
577256045
115117250
737502100
505513129
42187638
339882235
675858282
949526752
255556725
623886554
86354643
188283324
986892486
521609075
859479939
428827805
779636522
602608988
847981361
152953224
727954600
138283428
623486
914198158
13173010
922282669
36944182
725652971
552337690
144027006
868172041
820457022
492066702
909125714
345582236
762558580
32728094
956383971
734096917
830492481
513505960
50460236
917194774
575845195
828051224
493084984
995495050
401415498
763129414
250314111
591549886
600372808
758873374
379946094
742321326
692264722
363707235
572533944
249446938
426477910
572835571
479422729
6992023
605649741
229784162
228946226
974705364
707154808
830027281
198837893
438835365
480738431
414602955
6880796
458330201
231342330
331427315
273474917
453139621
284789123
442076990
845741348
355052470
713168961
797713894
117069834
492428264
16431470
822030433
519774040
562791218
84417154
224000362
315971866
824357868
582858364
573659551
447057457
933180843
775581541
81304267
662448417
43217306
994128310
578365317
663649202
795250110
608253708
453733420
288299366
520059518
448980397
29897393
459597633
314894988
553913127
329782213
590074359
254002971
669251677
311293534
112691628
325962983
748691252
648948510
312931671
738369753
436776678
607847576
36322542
945762796
827735542
726632330
155413260
305315315
242441785
51857284
228774217
784521072
515291828
156201185
221893553
338062200
537973689
755012030
487510203
557996075
970343106
792922608
39897659
127774541
261376397
773942773
252725777
837127726
729845975
361009556
830387245
376428800
676441332
509740807
290069321
972711412
710052866
231583000
767902457
496434634
330564135
368344693
531427482
258179514
359664500
360330164
710698434
678308047
177557964
377994798
500685908
689688233
249780833
736017472
104580712
544834538
667090595
518834049
135278618
407961378
514261841
229305706
766784410
578212794
838796264
861260528
525035544
827866802
572596893
357771531
747892323
162214435
289918047
650695229
251305306
447314099
526848476
732790444
128142523
665663967
615636016
233775918
249062316
59885155
421189536
313374841
689961006
948212123
831318213
668552220
659285702
119108134
692431408
714446547
882065853
895197501
622637724
834916529
661289829
761975550
584591106
803292945
382239895
75380549
182453746
916167006
110985158
981759777
219124892
670335978
981158898
103770434
386611924
170390499
269566857
477719006
31042933
912313966
567314876
926029374
535260455
966344135
448765922
93044222
370991430
532338318
147291827
297001188
892480846
251495969
888259981
475455954
836607857
389626056
990328279
115935520
314442550
451601077
393688004
962444141
405237574
6998522
57759922
4154441
420606443
179562299
126386439
842052832
842584107
712282164
711835183
988215633
121634259
738944935
568435438
728217104
969486719
247328764
428042135
486302984
711286463
515426843
669763789
933720776
713505800
81216796
451737462
679441396
456640086
451137794
457637811
248005409
491899198
304020916
755990436
481471030
802291331
907177366
21800417
983056753
944679797
976987131
319717068
169878764
190360154
725233774
55923321
651826988
379022210
742227333
888790673
71249684
173075663
896420686
484155584
488051260
855409581
313035120
799188833
678418807
584281609
45868693
963447244
196505501
928547879
817204807
709129425
834074519
91063466
822200941
843698786
718946870
298825951
3875376
678903345
917115194
567691271
361661628
787511433
484286830
401691361
321135449
316714890
288046477
487915216
90643149
917703298
32297936
927412487
846295880
541611290
165337682
603710497
30570984
741365954
340373834
425277994
658210653
982182419
473172842
558534142
627436186
182035627
465702680
653427249
190011601
105614169
346395825
884775058
258388223
909094496
389098825
819077330
814026178
821106448
304089303
420585927
219501895
400284750
332036151
253688711
54735831
520278831
538825709
27934937
638260034
976326479
580174377
511508817
336624541
9013604
123199512
808607524
145677398
562271169
908015311
470776071
787380154
917696265
804771169
100216712
658851983
4015045
309235507
449472086
823329091
973425281
122978929
50061826
655396964
687841659
188960246
99400591
442528825
46585267
652821561
380491312
860781784
376275977
240354414
116939500
402591556
196139341
883286646
601034127
413839142
533204159
256463772
155945573
29384575
441199400
340438548
354584931
53784371
183129696
251379381
691357325
593978569
445835733
641175322
58546393
952184680
427046161
968977320
866545136
644236964
589616660
289862985
523349614
898914
937691778
258553353
622963434
720983115
853004146
30342275
449273617
3207813
372108146
637465398
592428009
933160544
13800548
595987472
190200365
672098193
680172444
275555048
533792612
630619845
266001081
568372872
561481211
62841949
69004861
93640311
915329296
474002975
747339950
639516756
723191982
290256272
704339851
219761070
928688130
249462061
386334260
869724627
793007439
794767480
752978059
953753660
627626452
946906494
176910541
799604959
361058211
23367279
648909404
693408000
369868611
64924178
423315088
336309041
781743145
21265876
976983898
280756332
385054081
749266539
228928565
917100163
970220475
793359342
957055926
663422707
544519709
663486547
741467671
499171515
504719479
828760501
757958329
993020974
506741982
355264046
804485001
515687800
70439589
407938548
746757688
154805528
394844410
809264152
450038997
61737649
197535192
567841140
449772305
834147087
784089441
443707091
944341502
347954829
31645829
630838547
613595348
841849106
699727408
62186396
596818516
128531443
722662057
678934875
11407970
325172683
492890062
879445389
919525801
442043657
862637538
688941156
37393886
455796391
216849448
610823087
761767748
795319605
4933000
706969378
797556478
460868555
536497126
365304827
706426273
49219574
546120461
188888838
300801186
895285943
375302896
422248585
112614098
557867664
552953839
632269128
793414938
214879824
85497455
81290940
671335639
270578197
960938751
136554547
361456376
261167821
131984431
5445582
824837836
835483048
640773152
902132331
786537913
934078949
938900404
862405580
832214337
436961741
103332784
747026848
111245524
476974927
227066010
36281733
9912198
283248346
974331419
276982642
542531939
284634354
161455034
439545721
251827339
397186674
759336379
115510609
83295137
727636685
467364486
188015170
506088081
213881878
227998579
142977176
927151716
591543255
570884357
670771243
648765457
849378498
683254707
619907766
827799092
953252925
338913156
887604079
226772416
847844381
408883551
730635915
915129759
314855341
146669987
424126064
671151732
806050255
351060819
461417028
449178440
894857121
73767667
446934086
102797217
78010360
767441998
377141417
430739718
350990303
725223782
547467181
226099332
210125207
974379541
573919176
213053193
928147257
582653038
613247175
296895369
985756508
82377316
662729549
676043978
587684558
741915674
987316397
240777783
558102552
926010657
801218970
714194369
477459363
360148952
717024600
359646154
817188562
834224730
216806981
967441534
440274379
468930443
425584357
671327590
468589810
868569365
287964041
436456356
260075437
683418000
638090213
100364561
522128339
238453725
936375323
393958210
116377202
273475188
412865542
895095180
541652300
449727959
305391834
220200189
968693384
380687264
158973621
985846494
108396362
809903164
554260729
994912436
846693598
477482941
321191000
983691876
534486358
278648904
91309602
471394927
590704363
382428287
186660741
531716738
253248298
547109975
728129845
648553921
352328397
339930136
93981721
381110367
710305078
669330604
113191123
344053107
676011115
636672679
244913676
826885698
185533875
791871580
779430113
84054578
340775398
102590062
403113242
626526312
876383848
160184093
289489231
425850248
212966730
746592962
972520866
133105738
117947999
650639160
430752978
356623250
835863979
591123734
931639600
660467912
3235499
127337388
382205910
870634267
55620065
789822671
995877230
307174867
888920560
9381005
875198602
741374782
799424027
122161310
495344068
258830376
739007966
861283412
73250792
763886991
455811051
285455975
497830058
993645135
401454092
352224632
360377500
336499580
10546755
678263298
206312954
161926663
425478773
587052012
584350702
501299162
10558977
61260790
529289220
445008910
723910968
342173274
601295099
126205582
540109236
310549683
369382615
301641203
504555717
1334361
46488087
592376614
648008455
906002996
65320741
22411542
357027137
724763773
95711064
411265968
298489705
126983170
168948918
164532606
712098722
672455791
76234008
434950814
800523731
559065141
515419767
272003114
796126183
783998920
727210238
830487000
330018662
820233454
378814541
986852973
286482126
478294635
667416642
119645092
356573769
456010578
996127790
259292796
717842842
148647409
859020890
206041093
484404195
714327092
652204628
187511831
935192411
720326032
657213958
674934583
226716254
927819207
998895761
756459722
439245686
167854369
927649791
307228914
711719965
886786573
555497324
577719909
103889414
238348364
448401513
245326607
643172615
931126896
792058081
165214505
687479253
904582281
828592190
397488055
21514305
320166484
699197339
112944090
967172640
276947117
52837589
661735579
387221256
882748641
729790820
908583137
610877397
992233177
189454409
33181678
385807300
699231871
586193592
20690327
164534673
164904551
646680589
61640729
356424408
595563114
146182278
110742127
810916023
133826014
962022048
812380905
698153573
15944660
267803390
803869869
615306342
673450924
427799168
241565867
656604705
246466234
467673766
627646890
540447074
758927276
292648202
657219282
948743560
965284872
16299444
665726544
32614932
301226963
333196320
782341243
281678703
111687677
647891304
598360368
913978487
413963772
982562474
947951841
156942329
348758670
872138729
378138794
673938827
804328089
63985993
324197609
201386124
965966825
853301506
729862258
162179516
728841730
656288302
450853516
975714600
540732665
889875854
253045130
328300106
722522726
89440625
72903899
590029497
910743351
884489914
197639434
482770787
479824354
909332362
418824028
878870195
521647423
619505286
718533202
557498196
796418409
729563495
691400445
8977424
849272495
690812218
617892373
185572822
951204189
419247940
197897164
640543520
79577378
209583472
565403385
666161879
740499347
510909844
502713767
356425302
58337169
622839707
797431664
793949517
548949416
490213593
923378450
264537340
750518887
801277606
840644641
547650130
270666343
705951341
594126325
708857645
433861772
335656865
991043270
625451591
787186816
880645293
409088652
546209292
313511376
687363569
469938545
561907087
202960669
949176593
948681321
496174389
869364772
444822909
428208997
237534710
904145538
468701550
611138138
801566813
994003282
192862752
226305848
950506999
879008842
645719429
28817246
442938697
815394206
776108124
437750741
207285627
487010997
570731499
392570559
331489087
726346557
421429187
863434295
54160035
306087566
494053449
510833741
981510376
705752493
916107386
295474015
150512388
875661671
90817615
448073690
691834221
285450251
317324302
362133186
354867896
578886834
533950675
476449620
565122102
454997107
176140075
349246429
630414493
192962523
641503629
934514240
440683627
332933062
720725125
945741790
39976264
968003163
392746202
980173419
178753459
249943337
223941331
938717151
22966835
92440299
560837740
721769766
34542895
17849873
438900143
248525147
305755180
328787265
735233219
302341335
745045331
129321725
147017694
305450226
824390219
413277278
496477505
240965175
653820653
669233241
579796193
735610320
387494080
465507878
559807881
667085074
496123597
200414377
903380893
923236805
675127446
953281932
720150784
585935916
866129318
684035448
502140483
514080414
650326997
460612694
395456451
55976769
586126119
619007346
515505755
527347406
658945029
822718172
235136852
483744902
444582211
67584296
606100486
358981267
921672058
302797390
526815581
312168983
156357122
107885980
583869664
480888924
382327002
580509284
119745896
867535083
444488163
302480832
661081276
47011512
797151168
218583430
692169379
691148705
495044251
175585940
611004864
882050785
200011526
214309424
566701206
399249827
553035215
829190543
793781176
362101720
350076957
219724278
123214904
64637986
676573546
855154698
993893809
252870903
955936067
447862866
747894722
185525738
846675017
613274794
116829699
196992713
251733223
435752895
737697024
223052970
640763335
662390783
57695044
245160900
619906391
766763055
191606947
407877292
203890489
674493837
550853889
83121620
31734882
571118383
517463350
342929354
555131827
499675727
94326528
952330012
355168797
785658054
708781444
526076701
920222345
50178654
784204524
151334102
355473775
494581623
911323181
342143647
54105033
98143769
374754971
715426094
161339431
886733656
265135742
415652622
853176303
531786342
226645119
476525134
300835597
99540649
780112168
457343341
888311877
574743910
694640006
693217109
682462751
734404712
18447032
250628295
8570222
576937926
376601758
107495704
836620055
42216442
625313721
718582396
319116920
536339899
585211579
359915270
103170733
839910483
576706137
885806875
359499372
625046717
310833223
73744520
11943276
528553160
497146243
781096281
594301640
484634509
893087149
140644372
766380512
834842259
257123401
84161498
262424561
255151029
747310224
20920137
686847132
537987153
994880632
159771410
513732791
803251620
282929119
770652495
379878280
255772480
793577486
280692939
537758694
895986315
274820371
911932101
726322616
617293548
223567868
828413246
104805742
313339395
74590551
726814618
549519466
399400056
917796334
183779269
262934076
327839214
431130476
596581636
930727595
169071997
696683561
393273526
247502212
367619312
681875362
524693413
794906553
755014350
484587013
592836518
336224788
180684940
130244764
821070719
657938902
716854641
523100099
700075163
567570665
344106333
577516557
964947237
82038684
404633725
22334247
907664601
990916232
828557496
122898141
72976575
784529760
104455799
968306819
308940265
636823941
50136042
647936302
352416206
520053247
590204712
768407846
239044313
101856986
479198296
585677072
138946734
904975798
164412739
979978114
889112392
898948439
75312587
288400063
431965775
54699954
534302220
655631600
968883849
804451639
609828751
479438041
784454144
439586541
26270929
328239586
156386651
132896495
473970113
79709001
4699206
246199333
774374650
425504950
542892572
338496505
400286495
555089302
692564352
94126245
946020419
490536020
846046028
20942208
271517882
478355519
697448125
787341621
41542376
187728537
384842938
367854409
152114280
252885359
398339127
406994823
370381525
779666839
164217413
371978271
111134192
826313741
478250142
808880776
989465078
189912356
462648980
763637416
302724147
333251029
374145765
89287025
345703249
11208379
167633782
612414694
540007567
755271663
870897445
412131691
336377212
244483442
16777631
298066269
587472403
775788506
408691913
413200255
419234137
531126924
48336126
632886268
979694776
140946151
464229451
811908588
648178677
930432223
285806414
582643324
979664899
331035590
314414858
784260171
29222121
350794658
532301593
88469274
458360385
314495929
739254108
338415543
985871111
951383800
288568730
749082996
723957418
804033377
633962647
633999850
123027314
29340835
813031778
558630539
698693260
266248938
180520267
62431346
458637319
891180054
568845440
905323166
593656179
912067299
404582068
813063054
541638291
6683739
597507952
160561205
810895433
599667535
526257941
132616807
46047132
899078497
833353956
388642095
998615264
521854119
95931328
617828026
40600290
224557685
731386964
814747777
654636773
440791332
485545347
649464453
282600872
355077761
535655872
551643010
807157387
289469400
254884271
220975290
21600164
853622457
466209873
383597857
344571057
100044526
351646265
401592540
927210476
854566268
977028260
441269460
142178201
909585450
451851546
782032946
509920886
140638171
672432512
851508125
354642833
932909738
873084312
790692929
43369161
751084720
511300638
391203548
344316384
698302157
77565552
189928492
119645777
285224219
135713271
381237261
81463870
154201867
343656211
752323283
794634641
758650574
598166246
312071217
278367172
128382156
881510515
941724881
894409210
849024687
131407735
505323640
686213236
481571526
97001725
309260569
107248245
491278760
681259380
516438192
583825319
752854432
51994384
817817682
539123626
261379989
430066423
74381839
81589578
523875129
277117399
279092878
299912399
651114621
823421117
254593307
714037683
693717130
184645089
596318312
742613753
189994796
781217704
125162024
604535005
271374389
740469463
134358226
30658527
992934999
197159418
141075912
508622521
723443294
971349951
332453874
987858318
571986199
606951472
112173010
720610025
564304095
652930540
120950832
664650566
296381795
101527145
706688559
302238699
129663349
777125165
916578816
597352442
348875845
865138546
252968316
465069195
298880827
39722919
302862927
289249670
134782047
900165279
271703952
580559769
93790888
433697668
754112536
844404090
944947437
863102501
700864468
239704046
683366374
292476702
918486099
415711304
985595273
403460223
971370680
128928799
841772791
621269822
637165390
401134166
688300992
946846501
558432177
259712130
453830620
265495588
49171916
487517015
942447157
238488924
675549135
372530405
909731333
917756805
682895470
772534353
126542009
496127272
903532085
570161551
274927276
618582155
238544419
822103498
346973187
297530473
111222338
151888475
381503517
697266172
821907033
199718006
838436840
43847936
603415339
526934730
274724781
979679134
586480793
483611404
116366336
887258979
170168228
284265891
382019097
920426626
353708290
983671981
373468997
735417581
250348290
914052585
641176659
352248917
411805061
519631895
812150330
642017905
486322558
558808158
80333514
756382437
999536689
234257113
204094661
579217486
205236141
453055888
889697472
277302497
885144548
808498972
289819726
254743036
714426757
666412169
494079547
174183640
598980480
332700941
377559931
255100790
715949562
506470446
198173758
812951137
242064476
809808192
392102952
764481933
149442385
723918409
550008282
645616634
763793243
785962723
745253374
768973166
313570555
433057897
772896403
596570047
114699188
781383955
257012749
950355826
649573450
442257243
660265311
734801060
1263048
498735553
735856775
875419247
175836992
127080666
120014768
68363837
57097755
327665364
934291649
321566173
18072648
286539027
76899117
863492862
704080484
744491843
808205799
355621763
624748438
244106170
995588787
93159614
557272763
134171
451760455
814649617
152921473
949737327
860921992
144210086
849561803
377386406
720754899
487457348
667563846
301267625
558129235
325489581
135562049
305419371
703892294
733475909
74544126
350787363
911877954
102424476
974603082
293379293
956256132
849443983
975864487
392008062
78569506
632207402
781294729
160594236
817178257
288403718
45872036
779798533
605784477
828402047
972481935
136528171
286079490
928074681
917662076
261587460
807789708
821354933
578691890
531766223
279495312
510136731
360862708
473885843
191646043
760333105
372419368
626938006
858756107
363494503
334807671
458060492
269639410
228248460
416226669
344406199
105432576
822855115
159636004
149046481
877981535
400425594
386040207
694115738
350248592
523260160
647263563
973885487
473006829
818370397
286875081
104163765
665290068
523060771
650606330
827674553
101584887
321896351
500452134
808022589
962049917
885465034
929462141
142084904
406755696
611260743
359031719
650909140
270225270
268272832
409009691
249832992
115568440
323133645
519118139
358416919
444802524
852369921
460219501
920300768
617691419
683699821
414260901
144754334
237049882
465312643
857521376
331524924
398429063
864861765
863254241
794799108
211180980
305188854
567333955
320734373
605892140
51536664
662139717
156270635
601155428
458296496
920176246
764078489
494883757
8495864
449786375
47953407
187705058
869398819
199898785
92411085
974252421
997090267
620872826
179722492
944395601
684998620
12355842
678556314
963885243
251980199
345135548
703191051
717152823
837873955
526925200
966571762
735709960
41485217
850262875
121647236
220429024
369195655
872792607
38649241
736561798
505796631
323050390
514761089
895322370
260526234
237961782
14163508
39043219
261020317
546322165
891192646
834771106
5654596
576573561
35885362
613359405
104869682
885150264
540139793
867476104
673887985
86887204
920826270
173235615
349354667
787250761
932105798
175353230
314363978
725341972
701104098
399721046
306359643
926138365
356913057
292817155
925818118
354552722
220287404
50657992
913161546
504085138
243873247
516052762
481925821
209937574
16447491
210912768
653740220
331731426
995654519
709685354
533849768
794818911
896680920
494965013
617306158
3156397
734540749
601462701
389988479
148613039
378911173
657841781
572469181
303102285
817512346
273990520
140588861
305510394
465967463
254943787
326568741
8768722
58316383
388473967
234490095
49304525
823916274
456656416
930708156
406296691
344563930
540762590
13945382
773337081
864964403
998669119
44268379
720346369
876586217
730362718
880406025
180194009
97473470
296066079
20368156
835347660
725198202
452379696
858836004
996150451
350599862
587906714
889962231
586211508
783239358
703744730
452870952
186815461
397691981
3642286
51940060
755666748
20694866
739305376
12003391
479541067
920617096
187678983
433189326
14492921
548503697
685388558
175533976
820666789
10113204
106006144
169657308
230396763
525628597
912340041
543803922
480255754
181263620
295660510
871762242
273603134
87927241
678729354
1373629
849144412
248593207
189460408
240946173
53075090
727532300
435977237
711700763
80155932
837989096
618290797
796022962
939231160
672865329
416653055
50174242
182522116
295722653
90950060
790787863
85104235
401227326
60911520
430897795
286011019
264759558
827425486
796380829
95408513
629371859
179983194
421048210
487732307
676953931
68117532
658515320
166259136
309157546
827877680
316241119
87501235
70438147
892538766
182526343
981323145
793172811
285077124
699675387
517110416
789731159
422493282
201712735
276901786
406869575
122051560
900019809
534323025
563988696
488449026
948390843
837381964
673177014
53223619
283124433
139249350
883440081
496640010
503289500
79629923
717302810
112202401
115735974
845506205
754367707
475819391
570031831
985020311
343855396
715752983
515342283
968121345
198854600
109425120
911731904
41129955
96137477
616151319
458613234
470232896
773735719
663093181
540016937
701214961
46698267
224002343
783915729
145019676
319263634
825277400
270957045
799878480
527288037
865324026
904472832
784403229
662140016
751036331
490374800
732022486
812243758
600946858
164762214
755168752
213914711
708857986
492063691
178618458
997155946
355995222
79514993
480000935
932884900
962003575
49763948
473689030
167784706
303574891
265655051
186590651
500372778
119258293
131127739
51040533
459080198
492991561
383386747
629396833
689956028
160013753
660865583
844268370
996953570
118367278
159651355
683527577
795431350
698707169
159339733
479388893
810994720
776297876
860217681
997978658
275716215
195381318
52146702
78924516
984830295
340737445
74911395
430939547
419135006
362627125
76533741
252517732
496071487
531671975
600506490
361241401
578048860
86724593
883513844
12374491
38390595
906653563
284998439
602532915
30756937
120276789
270368942
694036919
730459044
751649403
45808207
234493414
101812148
722730306
8466165
591945626
226797626
521667054
487781718
918562134
707260448
659760740
330609640
319506045
116334213
203896355
926629146
998443839
998661240
712669592
835284222
636843104
289992288
554661540
578067498
565654428
239229155
510740169
480969436
141750715
726154810
167965299
220166601
349078594
455893960
379438265
771672464
516279403
372234087
701940324
719540745
977291879
908414766
784672342
804321126
236158715
67000328
3644182
769118414
330586559
357511909
706005647
698468135
104645423
350176833
711676622
196862547
12260712
178386865
694558502
218640837
165032434
424097410
676084963
14972102
903226639
125168440
724873558
22393459
95135847
746006385
18179980
940690101
82916507
740157072
673788563
383325223
719226104
846356565
726309504
857775592
381590730
570718639
1722841
983497527
514774291
497771834
879657540
193245084
519779621
334693165
529217054
328452644
860198218
164964835
842036324
751639199
245073851
442847793
604060244
92876938
554775355
637122079
531340219
412390477
407647345
333870798
595483609
697123484
331894127
864543622
728242358
3206004
344020463
81850328
201942586
595552665
601504873
945552938
338456015
823200825
696044694
926989978
41942439
407690589
455183523
475932333
867241654
288022486
548014591
374950067
824212333
505856761
376835447
135204844
577849235
712140438
425411859
382232616
533135114
758369594
494445601
444720590
649082451
615172467
547912247
123566127
469935275
916780955
110733716
208231294
676998372
991179488
228952451
767151453
516664841
588443517
192464256
939704465
719165011
122578334
142247052
322303362
190298722
245316637
887197283
482324497
919658657
280589800
97365597
966071444
390826937
46507476
347122950
423525666
858408867
739362782
61260839
890477351
999122057
721197972
64435140
80637016
985780308
882156562
735558105
415376558
392204475
565721787
184690545
311821841
753564328
645999060
308439134
921994476
349537919
888479372
805229853
491224909
12515779
591619604
488299054
417087459
690014169
500301550
674371669
535544390
560725586
331552958
42292294
926782532
953676095
881967578
831489553
598146007
248986053
178080787
811899062
648403723
540915561
281203418
461050844
800344185
118045886
938672900
748531765
352085478
921940834
141785581
127188448
512862725
919098798
370725014
860106541
574785127
800564032
659777121
598255725
94385863
631258543
735307340
630020314
432132077
713876548
846733099
669901614
265160223
664440712
430239153
975505454
442994423
507676339
175923527
353590154
450861588
586266990
738325285
621071826
43829008
115875687
990248707
583627985
994721329
193167714
631857122
47013100
679323404
309555400
906821837
320202255
84489698
481547186
822558044
1390619
707515191
371961031
353458660
892240654
598497890
903575620
416184885
630348505
583844308
448470697
676303414
667119625
304120136
233289955
582671773
497445875
410076760
601294964
447417908
211326623
890408610
617647864
255153263
628702105
965577935
264765565
693166297
253806557
712252161
24487846
731258300
326653428
471458069
503910237
333101763
635503142
139191721
886295686
118139281
8309041
497739294
823457773
286956793
649329951
850575751
732536955
777337161
146233865
837115805
917587648
541784323
943256751
382663886
899397920
696536536
810022609
243514622
73133100
487406815
379480395
39283937
245194835
770352220
171249828
592175618
829085485
354928488
505105237
535753856
30003592
806915138
45197703
815477428
382731219
756214084
668421068
749851278
351344854
504528173
353929775
131805081
373882995
516840195
606464383
518473881
31279257
765192712
500467352
936670361
14231763
132330263
278339545
987866802
666933231
324969649
23095614
421418872
857338848
599858771
265347541
955231509
390424709
342468102
831553870
87840243
267349557
589393709
446493090
314523375
277592403
703176599
692714057
318918644
78251971
813789840
917823429
473530889
395271762
950830465
668944950
906025776
473775079
674721010
784017512
447804948
828859703
796452031
629263979
126416380
392191563
341321714
403462057
553890478
599939091
661668108
472268939
22967096
375356432
915145978
136869936
217318775
528060132
284133412
529368550
12785702
293949703
569036476
93098493
116974971
527321425
448719263
572572080
275005473
511169489
515756992
349366693
711516738
799752874
582361731
841133446
148378072
653806242
613452483
365214341
389243479
993177072
657546187
467801183
12571577
809686183
169616694
639711955
557408287
767958146
688205311
349422766
45143787
760409571
542974509
621819020
492330103
544293424
139898486
485797087
110397844
690850535
213112658
781291904
614872305
375683387
625617026
580268456
383559685
815115158
419366560
442181869
8653889
818665256
539426308
412551100
608166316
265395693
308255843
189231798
710032721
803930283
552335463
293595740
605624565
615380936
800621727
646986612
822291389
906296691
994338540
957235594
885108464
512973134
563590272
260922706
205646813
174622377
691943462
903535210
914475502
427835568
431145277
518932612
912548949
576419926
28246628
395744512
779214413
13651041
757694614
401865943
570303136
39075037
957613238
191080189
450677573
559134069
699995436
353607901
392716364
487443696
269967861
104542759
622939897
469101031
660908039
355607550
769589852
463931447
561842184
440622285
17135712
175308132
535515498
474346876
385648739
601502924
690170426
168590673
815306599
794493056
379129152
147348395
168156666
329977814
577857399
623477579
361020222
60762468
481582650
1441623
858874556
706919310
566736216
632733170
367269672
831843338
104985787
536551493
37858748
381470638
228700103
876240023
664671389
706463647
280443158
120051181
439660532
370449845
681650127
626755647
722075312
160226402
588462930
822144828
310192730
46140293
472392564
633944608
616902031
96706242
372028591
677037924
795800865
788723662
943370706
448020440
546214318
583682005
392008052
188985311
48818047
179303311
484657016
993915302
504263476
686857936
83786566
938529654
747142159
381682930
232071364
564985873
654277491
108067101
65893980
814194211
544068109
424064557
601440520
271082591
603426265
39927453
640901255
52607932
819804708
39050695
43080519
758809422
981063910
709457067
285849755
435927116
836930383
707653560
950981927
964148128
119320874
763802684
775301062
609095069
917022917
625945807
857564558
488579993
60268861
221323636
14179228
896523803
741380333
758427304
406078210
112445032
689030913
745856217
822594996
426390574
261728842
615736723
155141672
294777723
618907125
523212682
739182818
550513028
910365236
733419362
594168878
849597500
41658412
437554117
15895913
707297119
312907288
841507835
170143777
531295675
997461109
291472898
694038216
713383308
920625227
333065656
235333794
637445354
110068497
662730453
560619203
708103178
8618762
502451062
334500372
499368246
258851436
4720381
919165366
682240892
749889274
548595184
229872428
133210462
798108961
526560657
185791427
620075546
725847312
119748078
565949859
336245198
426367225
942141133
14264421
494427657
607972393
661503633
352862779
95182796
455656861
256903168
859237326
107844855
160478460
428965235
740784212
675739683
521448607
955066224
130146094
797473228
212073103
556196583
897135424
848894485
580203593
289719273
385598234
891628669
168413252
369510271
258869021
428102202
168127968
227606713
383916273
686284573
452777819
897988334
746344447
114288408
556548817
613873372
905537631
739966386
605087417
712507086
971426784
600991263
292326934
281664970
338408282
454203427
128009710
641583561
778292893
614721191
283267294
358189682
922647272
219774763
53615819
373246106
688776197
124245564
617299255
741015653
233665774
751144921
422464889
879078208
246343299
317710536
876442715
517880482
968914833
309117902
86064417
491826204
391808093
738144606
865861751
187731281
898864887
570283387
967642829
327810222
58629404
328924064
273222979
342327437
360404549
815320031
846330726
473749349
150673839
47724263
855695760
63933946
667329237
588748359
755036543
605724722
368322117
221371593
228508495
485617698
367517618
397755582
569766467
937346611
128795258
111992907
760332868
63424793
719549577
313101155
752351969
777991250
913184001
463818546
802537519
944575758
269092290
211947889
473723640
431613531
573785581
166169732
293052377
729653023
639867014
491856906
925149466
925809136
574285366
186894409
244632698
736623878
531087552
486726000
823330410
675506155
437446540
989171281
383300997
804753838
362424156
921572091
547343083
626980246
364895404
384105576
688263692
841105957
229681532
758632186
893169417
421714817
706494109
649623705
976508737
22170226
499094752
521358040
225856353
777952320
459389420
561242493
201012813
211510665
243721749
489565643
309543407
207818088
172985525
375531379
397936799
548064470
437037002
332915619
767326404
579172617
625342531
132662254
462477615
274539007
489795296
141000094
840576634
518099071
764271648
189217830
738204989
353555849
718177303
52085576
283441516
515372413
875196050
642161111
197051943
2966845
756793028
375393778
387063513
790836950
617700242
544785087
459103781
701302639
560885795
124075452
985169244
726427931
312562477
704567001
231721203
422664806
941624351
287862193
212669364
382300985
982750701
640977436
352831926
429181364
67137647
613788898
776111989
115839692
133282026
579462742
18848904
691998279
820398458
746160074
179643492
545033054
869939492
688103979
605090093
386643629
11137431
707173320
907941987
503715585
494280250
393007048
756723313
99199902
706450100
350503798
36223395
932380318
692346226
48588191
852487932
238547138
99550990
428326195
244950063
430236187
140667891
995265730
527637889
670447482
937069543
142250824
437159911
550150945
219489937
116249111
368947868
575683911
817595554
133084828
4486596
802332466
446879609
958860876
452176542
861693637
308852491
952211339
910898836
14030095
422019856
678383199
278063551
863611866
734975777
131358007
918178359
978759402
547325886
741162183
790277175
587874958
431517857
455009792
35773805
281118980
486764137
979133345
520103715
173774200
263880479
505328003
710497967
285696478
594936447
337005969
862677394
396109704
506686297
288740970
768512551
654736227
250027033
486743567
69995659
661257487
589979466
944788805
759749186
553136339
286777705
589449489
186843022
492891122
297718160
493160870
170887843
840864515
599458331
811922740
907055816
815734784
105347602
980310943
183366061
247767105
718885618
837227086
833427701
596508802
919707950
218963934
7908658
764066713
69384338
354774419
861767068
196897332
353737796
129422356
149323427
938453421
767026206
82363700
144404582
574422290
631794675
82957910
79584387
53764276
259806123
632813316
609280178
271024777
169542214
646518017
317331133
144203036
329240328
811987184
760704105
995137123
379044141
807352880
456555633
777078832
515232920
312326103
552374401
184273594
464402661
315601418
588842512
477391891
858680623
187028609
443013353
565148029
485200202
632787186
822445340
194141845
232933764
831677689
704068664
425003287
677953466
210970723
98230104
548485346
897360010
534429124
653357599
840109573
848849232
88077905
33506386
162869801
954985821
137089006
43932324
42010044
903678686
834527826
571595680
250612770
346490016
475088429
816574449
70958713
619870981
460380920
524502428
989620934
591458313
280121020
886752451
660159880
345620025
626367729
191362334
154124579
852181694
329960640
568556973
156454648
713519202
689650050
449151335
703789527
33547869
97825507
964639178
866027778
118879931
616059494
704582922
908204230
869778898
111131023
291668433
942864313
913284200
955712031
578687394
637323353
971290010
114011558
623134761
624502755
44347299
22608459
315869822
120406925
427098230
330451533
296404771
522301705
513988377
368460141
287537430
763300927
30046916
566108922
691027329
430998900
663264221
891318017
629681769
133321721
654979483
559036502
345674008
259816791
773732892
596578907
863000947
260000248
770797562
896802116
599549870
549934930
330659450
493407000
440930424
155909870
98715179
951725429
105092720
931941
795018682
695317659
114947712
674864040
296636101
721957059
69012706
545808016
436251676
597261187
644114894
13892721
914945188
860986980
410328412
843408583
921900726
277663346
678790651
498608581
955059019
334075373
895433429
389622346
893754097
736702500
457606723
793711596
914957436
469109660
605752310
277584367
584870020
15310944
226748146
490200901
889038233
596844785
845941415
863283208
757428776
594592537
968486898
419716960
382536016
139395467
314676501
871251249
877342388
668951711
72337434
653977948
849597841
984617894
576113164
284719199
449685263
217279377
207847162
169065918
920502231
317643108
592721056
275898933
342472035
108945931
571168926
909497597
993336016
111372063
580288001
226792519
299438306
112452799
121558285
60455826
771756146
67024821
623086168
575424900
317811317
694530450
963743452
236346858
957486485
943181508
598837840
945207423
668150551
854373233
606756361
568226347
876269345
639229947
783659836
112857806
173822023
829045028
128071826
860137074
784323984
471883312
812158145
856054378
455064174
882325826
210142131
368141304
786837143
361116711
253489141
132994038
44619716
752879334
265535040
645830966
57608563
287879086
830823594
822580328
557426287
861124807
622328452
545628319
805120943
152030219
48489121
910659861
873914413
995697874
129673584
441517043
203300546
747382234
947061823
552895091
46955126
107637380
136028001
806811232
189975641
622058425
680485929
443077917
716342682
781753804
162989613
256331081
699552098
564734936
632303599
942560265
109385439
39034908
767279780
112674874
597241427
170484517
581183302
920618809
244518374
414006131
613592372
69449095
111187564
887953347
463047456
336530044
399426962
509772876
922907069
733281238
7676160
380823330
206010155
689455083
79988443
17624160
611993438
979194191
829443747
162850549
206745917
72359366
63542353
280785165
268433281
828822584
139364845
803615738
608256681
332095154
851167309
662699172
777407607
385098151
397924834
831054167
184963297
407665875
835880127
121005347
794116378
321269259
472107811
384526707
304345050
51732527
361925374
75885899
263463396
399208438
498890513
204268025
745186786
703909328
167046472
47227168
438705021
695086238
145939652
597519201
863302748
816658855
175768872
370004265
806222177
569490609
18995261
188629664
850013533
491487987
383317719
439704484
688330281
776852913
824219921
104210450
138998312
370258034
816527179
429265313
401033569
217070138
953005295
711502911
781635845
301306125
657958737
496747331
209790995
885640257
787718339
299457381
441414170
950167093
264865602
868061711
964912815
348521493
500173332
27971412
991711961
509229900
36525884
767865356
27786532
964241684
109210767
137156716
383991390
639066215
107767971
471587664
400500208
894087708
476473353
790038238
793274752
492803088
654820903
214545248
87838876
421971780
281764200
929628284
406619754
658601652
788213897
77080830
953580325
693228416
626030610
202504702
929106461
916099549
9389988
483305385
732927528
178210175
240938776
814052493
186451221
231184486
479254349
497199347
342964393
531259839
479198057
468089895
217240328
244546317
657330752
389414745
937712173
582133153
519277315
21812383
73321993
129139155
814546787
370906768
988189101
595955392
749565966
698111012
36028993
651844818
763573179
133612204
854510915
698956065
859663400
339767545
96680632
12384628
862420673
83160428
21683301
567624771
590205721
288464904
994483894
832691223
907828624
20854529
452251429
19866929
994597334
755575087
129696758
511534690
912071453
914832891
463513587
928807768
282203077
578228009
442165569
172266802
83562907
27012061
486699863
535979468
342618961
290977114
975898672
577455979
625600709
591019182
82473668
313273865
117321162
644904939
429140071
893888257
738836731
948435697
615724046
951149625
729256120
825805493
256307007
631054834
531500396
336544612
321133899
263488280
774353559
374651713
445589520
546851547
184214382
482458903
100134298
84418149
438900509
651377228
168570061
598689880
103172976
401560036
310907474
850483931
418764556
97820179
946377009
98267360
577957414
182103007
233635376
136501729
693894803
793272587
397833549
261658581
191380223
370781075
832740279
775561519
408530833
978466736
442711945
634333393
48847744
438891971
807960570
677000744
539422165
411724904
364924555
693624676
661705976
797420411
572799406
722298690
213136650
201203976
60147699
318952501
726662528
383314457
351937162
967861668
194426257
686763405
184896198
551590033
592667745
973133389
284792789
913453909
845285347
581088944
665198866
602579143
232149168
190234315
238302006
230475983
20496057
293923449
551577091
953936081
880598
160149056
858380278
458232187
336652463
683520356
656549135
857842874
288450248
258522252
480225792
85092099
718208850
297485512
565812979
572840709
142248244
115632043
558271830
877697830
529969172
181224501
140118938
53233414
862698386
782127621
45496586
219658519
492171419
684933137
55308046
56354218
752726906
245895887
117969508
902226999
131300655
566168101
471061368
698891874
30637781
617855143
362087723
841591087
984371921
903903630
612923038
228637153
829180951
769765355
598575800
759398197
332558621
47989664
676898523
471763667
506734323
404285796
263526022
193769948
820806838
206963009
291598326
363078562
407753066
352110192
80894749
588140502
191859475
145736397
735839685
706980897
143562341
815683773
853079390
629687997
910657161
965364459
399540991
519692250
268690207
83235801
600645883
437237411
492654495
645162728
159713841
679320907
348489490
90563214
880269033
607245153
262416339
603693096
807259830
330912981
699039935
729237824
464812422
403277597
564107503
68658909
356939864
501592721
233810203
411836344
830303473
211617565
483036060